                0                   0
   0.002190000000000   0.000010000000000
   0.004370000000000   0.000180000000000
   0.006560000000000   0.000430000000000
   0.008750000000000   0.000670000000000
   0.010940000000000   0.000820000000000
   0.013120000000000   0.000840000000000
   0.015310000000000   0.000710000000000
   0.017500000000000   0.000470000000000
   0.019690000000000   0.000210000000000
   0.021870000000000   0.000040000000000
   0.024060000000000   0.000080000000000
   0.026250000000000   0.000440000000000
   0.028440000000000   0.001180000000000
   0.030620000000000   0.002330000000000
   0.032810000000000   0.003860000000000
   0.035000000000000   0.005690000000000
   0.037180000000000   0.007730000000000
   0.039370000000000   0.009860000000000
   0.041560000000000   0.012010000000000
   0.043750000000000   0.014120000000000
   0.045930000000000   0.016190000000000
   0.048120000000000   0.018280000000000
   0.050310000000000   0.020490000000000
   0.052500000000000   0.022930000000000
   0.054680000000000   0.025710000000000
   0.056870000000000   0.028920000000000
   0.059060000000000   0.032590000000000
   0.061250000000000   0.036700000000000
   0.063430000000000   0.041170000000000
   0.065620000000000   0.045850000000000
   0.067810000000000   0.050590000000000
   0.070000000000000   0.055220000000000
   0.072180000000000   0.059590000000000
   0.074370000000000   0.063610000000000
   0.076560000000000   0.067220000000000
   0.078740000000000   0.070420000000000
   0.080930000000000   0.073270000000000
   0.083120000000000   0.075840000000000
   0.085310000000000   0.078210000000000
   0.087490000000000   0.080470000000000
   0.089680000000000   0.082660000000000
   0.091870000000000   0.084790000000000
   0.094060000000000   0.086860000000000
   0.096240000000000   0.088820000000000
   0.098430000000000   0.090640000000000
   0.100620000000000   0.092280000000000
   0.102810000000000   0.093750000000000
   0.104990000000000   0.095060000000000
   0.107180000000000   0.096290000000000
   0.109370000000000   0.097530000000000
   0.111550000000000   0.098900000000000
   0.113740000000000   0.100500000000000
   0.115930000000000   0.102420000000000
   0.118120000000000   0.104710000000000
   0.120300000000000   0.107360000000000
   0.122490000000000   0.110320000000000
   0.124680000000000   0.113500000000000
   0.126870000000000   0.116760000000000
   0.129050000000000   0.119980000000000
   0.131240000000000   0.123030000000000
   0.133430000000000   0.125810000000000
   0.135620000000000   0.128270000000000
   0.137800000000000   0.130400000000000
   0.139990000000000   0.132240000000000
   0.142180000000000   0.133860000000000
   0.144370000000000   0.135360000000000
   0.146550000000000   0.136840000000000
   0.148740000000000   0.138380000000000
   0.150930000000000   0.140040000000000
   0.153110000000000   0.141870000000000
   0.155300000000000   0.143860000000000
   0.157490000000000   0.146000000000000
   0.159680000000000   0.148240000000000
   0.161860000000000   0.150540000000000
   0.164050000000000   0.152870000000000
   0.166240000000000   0.155200000000000
   0.168430000000000   0.157520000000000
   0.170610000000000   0.159850000000000
   0.172800000000000   0.162220000000000
   0.174990000000000   0.164670000000000
   0.177180000000000   0.167220000000000
   0.179360000000000   0.169900000000000
   0.181550000000000   0.172700000000000
   0.183740000000000   0.175600000000000
   0.185920000000000   0.178570000000000
   0.188110000000000   0.181510000000000
   0.190300000000000   0.184370000000000
   0.192490000000000   0.187040000000000
   0.194670000000000   0.189460000000000
   0.196860000000000   0.191560000000000
   0.199050000000000   0.193310000000000
   0.201240000000000   0.194710000000000
   0.203420000000000   0.195770000000000
   0.205610000000000   0.196570000000000
   0.207800000000000   0.197170000000000
   0.209990000000000   0.197670000000000
   0.212170000000000   0.198160000000000
   0.214360000000000   0.198720000000000
   0.216550000000000   0.199430000000000
   0.218740000000000   0.200330000000000
   0.220920000000000   0.201430000000000
   0.223110000000000   0.202720000000000
   0.225300000000000   0.204160000000000
   0.227480000000000   0.205700000000000
   0.229670000000000   0.207280000000000
   0.231860000000000   0.208830000000000
   0.234050000000000   0.210290000000000
   0.236230000000000   0.211640000000000
   0.238420000000000   0.212830000000000
   0.240610000000000   0.213860000000000
   0.242800000000000   0.214730000000000
   0.244980000000000   0.215430000000000
   0.247170000000000   0.215990000000000
   0.249360000000000   0.216400000000000
   0.251550000000000   0.216660000000000
   0.253730000000000   0.216790000000000
   0.255920000000000   0.216780000000000
   0.258110000000000   0.216630000000000
   0.260290000000000   0.216360000000000
   0.262480000000000   0.215990000000000
   0.264670000000000   0.215570000000000
   0.266860000000000   0.215160000000000
   0.269040000000000   0.214800000000000
   0.271230000000000   0.214550000000000
   0.273420000000000   0.214480000000000
   0.275610000000000   0.214600000000000
   0.277790000000000   0.214940000000000
   0.279980000000000   0.215460000000000
   0.282170000000000   0.216150000000000
   0.284360000000000   0.216930000000000
   0.286540000000000   0.217750000000000
   0.288730000000000   0.218530000000000
   0.290920000000000   0.219220000000000
   0.293100000000000   0.219790000000000
   0.295290000000000   0.220220000000000
   0.297480000000000   0.220520000000000
   0.299670000000000   0.220720000000000
   0.301850000000000   0.220840000000000
   0.304040000000000   0.220930000000000
   0.306230000000000   0.221000000000000
   0.308410000000000   0.221090000000000
   0.310600000000000   0.221170000000000
   0.312790000000000   0.221250000000000
   0.314980000000000   0.221280000000000
   0.317160000000000   0.221260000000000
   0.319350000000000   0.221160000000000
   0.321540000000000   0.220980000000000
   0.323730000000000   0.220740000000000
   0.325910000000000   0.220460000000000
   0.328100000000000   0.220190000000000
   0.330290000000000   0.219970000000000
   0.332480000000000   0.219830000000000
   0.334660000000000   0.219800000000000
   0.336850000000000   0.219890000000000
   0.339040000000000   0.220060000000000
   0.341220000000000   0.220270000000000
   0.343410000000000   0.220480000000000
   0.345600000000000   0.220640000000000
   0.347790000000000   0.220680000000000
   0.349970000000000   0.220600000000000
   0.352160000000000   0.220390000000000
   0.354350000000000   0.220080000000000
   0.356540000000000   0.219720000000000
   0.358720000000000   0.219370000000000
   0.360910000000000   0.219090000000000
   0.363100000000000   0.218930000000000
   0.365290000000000   0.218910000000000
   0.367470000000000   0.219040000000000
   0.369660000000000   0.219290000000000
   0.371850000000000   0.219600000000000
   0.374040000000000   0.219900000000000
   0.376220000000000   0.220140000000000
   0.378410000000000   0.220250000000000
   0.380600000000000   0.220210000000000
   0.382780000000000   0.220000000000000
   0.384970000000000   0.219660000000000
   0.387160000000000   0.219240000000000
   0.389350000000000   0.218790000000000
   0.391530000000000   0.218390000000000
   0.393720000000000   0.218090000000000
   0.395910000000000   0.217930000000000
   0.398100000000000   0.217930000000000
   0.400280000000000   0.218060000000000
   0.402470000000000   0.218300000000000
   0.404660000000000   0.218590000000000
   0.406850000000000   0.218880000000000
   0.409030000000000   0.219120000000000
   0.411220000000000   0.219270000000000
   0.413410000000000   0.219300000000000
   0.415590000000000   0.219210000000000
   0.417780000000000   0.218990000000000
   0.419970000000000   0.218680000000000
   0.422160000000000   0.218290000000000
   0.424340000000000   0.217830000000000
   0.426530000000000   0.217330000000000
   0.428720000000000   0.216800000000000
   0.430910000000000   0.216240000000000
   0.433090000000000   0.215650000000000
   0.435280000000000   0.215070000000000
   0.437470000000000   0.214480000000000
   0.439660000000000   0.213930000000000
   0.441840000000000   0.213430000000000
   0.444030000000000   0.213010000000000
   0.446220000000000   0.212690000000000
   0.448410000000000   0.212470000000000
   0.450590000000000   0.212350000000000
   0.452780000000000   0.212310000000000
   0.454970000000000   0.212340000000000
   0.457150000000000   0.212390000000000
   0.459340000000000   0.212440000000000
   0.461530000000000   0.212460000000000
   0.463720000000000   0.212450000000000
   0.465900000000000   0.212410000000000
   0.468090000000000   0.212370000000000
   0.470280000000000   0.212350000000000
   0.472470000000000   0.212380000000000
   0.474650000000000   0.212500000000000
   0.476840000000000   0.212690000000000
   0.479030000000000   0.212960000000000
   0.481220000000000   0.213260000000000
   0.483400000000000   0.213540000000000
   0.485590000000000   0.213750000000000
   0.487780000000000   0.213830000000000
   0.489960000000000   0.213730000000000
   0.492150000000000   0.213440000000000
   0.494340000000000   0.212970000000000
   0.496530000000000   0.212350000000000
   0.498710000000000   0.211640000000000
   0.500900000000000   0.210910000000000
   0.503090000000000   0.210220000000000
   0.505280000000000   0.209650000000000
   0.507460000000000   0.209230000000000
   0.509650000000000   0.208970000000000
   0.511840000000000   0.208860000000000
   0.514030000000000   0.208890000000000
   0.516210000000000   0.209010000000000
   0.518400000000000   0.209170000000000
   0.520590000000000   0.209360000000000
   0.522780000000000   0.209530000000000
   0.524960000000000   0.209680000000000
   0.527150000000000   0.209800000000000
   0.529340000000000   0.209910000000000
   0.531520000000000   0.209990000000000
   0.533710000000000   0.210050000000000
   0.535900000000000   0.210100000000000
   0.538090000000000   0.210100000000000
   0.540270000000000   0.210070000000000
   0.542460000000000   0.209970000000000
   0.544650000000000   0.209830000000000
   0.546840000000000   0.209630000000000
   0.549020000000000   0.209400000000000
   0.551210000000000   0.209180000000000
   0.553400000000000   0.208980000000000
   0.555590000000000   0.208820000000000
   0.557770000000000   0.208710000000000
   0.559960000000000   0.208620000000000
   0.562150000000000   0.208520000000000
   0.564330000000000   0.208350000000000
   0.566520000000000   0.208040000000000
   0.568710000000000   0.207560000000000
   0.570900000000000   0.206850000000000
   0.573080000000000   0.205910000000000
   0.575270000000000   0.204780000000000
   0.577460000000000   0.203510000000000
   0.579650000000000   0.202190000000000
   0.581830000000000   0.200920000000000
   0.584020000000000   0.199780000000000
   0.586210000000000   0.198840000000000
   0.588400000000000   0.198130000000000
   0.590580000000000   0.197620000000000
   0.592770000000000   0.197270000000000
   0.594960000000000   0.196990000000000
   0.597140000000000   0.196690000000000
   0.599330000000000   0.196290000000000
   0.601520000000000   0.195740000000000
   0.603710000000000   0.195000000000000
   0.605890000000000   0.194120000000000
   0.608080000000000   0.193140000000000
   0.610270000000000   0.192160000000000
   0.612460000000000   0.191270000000000
   0.614640000000000   0.190540000000000
   0.616830000000000   0.190020000000000
   0.619020000000000   0.189730000000000
   0.621210000000000   0.189620000000000
   0.623390000000000   0.189610000000000
   0.625580000000000   0.189620000000000
   0.627770000000000   0.189520000000000
   0.629960000000000   0.189240000000000
   0.632140000000000   0.188690000000000
   0.634330000000000   0.187860000000000
   0.636520000000000   0.186760000000000
   0.638700000000000   0.185440000000000
   0.640890000000000   0.183990000000000
   0.643080000000000   0.182510000000000
   0.645270000000000   0.181110000000000
   0.647450000000000   0.179890000000000
   0.649640000000000   0.178900000000000
   0.651830000000000   0.178210000000000
   0.654020000000000   0.177820000000000
   0.656200000000000   0.177720000000000
   0.658390000000000   0.177850000000000
   0.660580000000000   0.178150000000000
   0.662770000000000   0.178550000000000
   0.664950000000000   0.178970000000000
   0.667140000000000   0.179320000000000
   0.669330000000000   0.179540000000000
   0.671510000000000   0.179570000000000
   0.673700000000000   0.179390000000000
   0.675890000000000   0.179000000000000
   0.678080000000000   0.178410000000000
   0.680260000000000   0.177680000000000
   0.682450000000000   0.176870000000000
   0.684640000000000   0.176050000000000
   0.686830000000000   0.175310000000000
   0.689010000000000   0.174710000000000
   0.691200000000000   0.174280000000000
   0.693390000000000   0.174040000000000
   0.695580000000000   0.173970000000000
   0.697760000000000   0.174050000000000
   0.699950000000000   0.174210000000000
   0.702140000000000   0.174400000000000
   0.704330000000000   0.174580000000000
   0.706510000000000   0.174720000000000
   0.708700000000000   0.174810000000000
   0.710890000000000   0.174890000000000
   0.713070000000000   0.174970000000000
   0.715260000000000   0.175120000000000
   0.717450000000000   0.175350000000000
   0.719640000000000   0.175690000000000
   0.721820000000000   0.176130000000000
   0.724010000000000   0.176630000000000
   0.726200000000000   0.177130000000000
   0.728390000000000   0.177570000000000
   0.730570000000000   0.177870000000000
   0.732760000000000   0.177990000000000
   0.734950000000000   0.177910000000000
   0.737140000000000   0.177650000000000
   0.739320000000000   0.177260000000000
   0.741510000000000   0.176810000000000
   0.743700000000000   0.176380000000000
   0.745880000000000   0.176030000000000
   0.748070000000000   0.175830000000000
   0.750260000000000   0.175790000000000
   0.752450000000000   0.175890000000000
   0.754630000000000   0.176100000000000
   0.756820000000000   0.176330000000000
   0.759010000000000   0.176520000000000
   0.761200000000000   0.176610000000000
   0.763380000000000   0.176550000000000
   0.765570000000000   0.176320000000000
   0.767760000000000   0.175920000000000
   0.769950000000000   0.175380000000000
   0.772130000000000   0.174710000000000
   0.774320000000000   0.173940000000000
   0.776510000000000   0.173100000000000
   0.778690000000000   0.172180000000000
   0.780880000000000   0.171180000000000
   0.783070000000000   0.170080000000000
   0.785260000000000   0.168880000000000
   0.787440000000000   0.167560000000000
   0.789630000000000   0.166160000000000
   0.791820000000000   0.164700000000000
   0.794010000000000   0.163250000000000
   0.796190000000000   0.161850000000000
   0.798380000000000   0.160550000000000
   0.800570000000000   0.159380000000000
   0.802760000000000   0.158340000000000
   0.804940000000000   0.157390000000000
   0.807130000000000   0.156470000000000
   0.809320000000000   0.155500000000000
   0.811510000000000   0.154410000000000
   0.813690000000000   0.153130000000000
   0.815880000000000   0.151620000000000
   0.818070000000000   0.149870000000000
   0.820250000000000   0.147900000000000
   0.822440000000000   0.145770000000000
   0.824630000000000   0.143550000000000
   0.826820000000000   0.141300000000000
   0.829000000000000   0.139090000000000
   0.831190000000000   0.136960000000000
   0.833380000000000   0.134930000000000
   0.835570000000000   0.133010000000000
   0.837750000000000   0.131190000000000
   0.839940000000000   0.129480000000000
   0.842130000000000   0.127870000000000
   0.844320000000000   0.126390000000000
   0.846500000000000   0.125060000000000
   0.848690000000000   0.123920000000000
   0.850880000000000   0.123000000000000
   0.853060000000000   0.122290000000000
   0.855250000000000   0.121790000000000
   0.857440000000000   0.121440000000000
   0.859630000000000   0.121170000000000
   0.861810000000000   0.120880000000000
   0.864000000000000   0.120470000000000
   0.866190000000000   0.119880000000000
   0.868380000000000   0.119050000000000
   0.870560000000000   0.117970000000000
   0.872750000000000   0.116680000000000
   0.874940000000000   0.115250000000000
   0.877130000000000   0.113780000000000
   0.879310000000000   0.112360000000000
   0.881500000000000   0.111080000000000
   0.883690000000000   0.109980000000000
   0.885880000000000   0.109080000000000
   0.888060000000000   0.108380000000000
   0.890250000000000   0.107810000000000
   0.892440000000000   0.107350000000000
   0.894620000000000   0.106930000000000
   0.896810000000000   0.106540000000000
   0.899000000000000   0.106170000000000
   0.901190000000000   0.105850000000000
   0.903370000000000   0.105610000000000
   0.905560000000000   0.105500000000000
   0.907750000000000   0.105540000000000
   0.909940000000000   0.105740000000000
   0.912120000000000   0.106070000000000
   0.914310000000000   0.106470000000000
   0.916500000000000   0.106850000000000
   0.918690000000000   0.107120000000000
   0.920870000000000   0.107210000000000
   0.923060000000000   0.107060000000000
   0.925250000000000   0.106670000000000
   0.927430000000000   0.106040000000000
   0.929620000000000   0.105260000000000
   0.931810000000000   0.104390000000000
   0.934000000000000   0.103520000000000
   0.936180000000000   0.102710000000000
   0.938370000000000   0.102010000000000
   0.940560000000000   0.101400000000000
   0.942750000000000   0.100850000000000
   0.944930000000000   0.100300000000000
   0.947120000000000   0.099670000000000
   0.949310000000000   0.098900000000000
   0.951500000000000   0.097950000000000
   0.953680000000000   0.096810000000000
   0.955870000000000   0.095510000000000
   0.958060000000000   0.094120000000000
   0.960250000000000   0.092690000000000
   0.962430000000000   0.091310000000000
   0.964620000000000   0.090020000000000
   0.966810000000000   0.088870000000000
   0.968990000000000   0.087840000000000
   0.971180000000000   0.086910000000000
   0.973370000000000   0.086020000000000
   0.975560000000000   0.085100000000000
   0.977740000000000   0.084100000000000
   0.979930000000000   0.082980000000000
   0.982120000000000   0.081700000000000
   0.984310000000000   0.080280000000000
   0.986490000000000   0.078720000000000
   0.988680000000000   0.077070000000000
   0.990870000000000   0.075340000000000
   0.993060000000000   0.073590000000000
   0.995240000000000   0.071820000000000
   0.997430000000000   0.070050000000000
   0.999620000000000   0.068270000000000
   1.001800000000000   0.066500000000000
   1.003990000000000   0.064710000000000
   1.006180000000000   0.062910000000000
   1.008370000000000   0.061090000000000
   1.010550000000000   0.059240000000000
   1.012740000000000   0.057360000000000
   1.014930000000000   0.055440000000000
   1.017120000000000   0.053460000000000
   1.019300000000000   0.051420000000000
   1.021490000000000   0.049290000000000
   1.023680000000000   0.047080000000000
   1.025870000000000   0.044800000000000
   1.028050000000000   0.042480000000000
   1.030240000000000   0.040170000000000
   1.032430000000000   0.037940000000000
   1.034610000000000   0.035870000000000
   1.036800000000000   0.034030000000000
   1.038990000000000   0.032480000000000
   1.041180000000000   0.031230000000000
   1.043360000000000   0.030280000000000
   1.045550000000000   0.029580000000000
   1.047740000000000   0.029060000000000
   1.049930000000000   0.028620000000000
   1.052110000000000   0.028190000000000
   1.054300000000000   0.027700000000000
   1.056490000000000   0.027110000000000
   1.058680000000000   0.026450000000000
   1.060860000000000   0.025740000000000
   1.063050000000000   0.025070000000000
   1.065240000000000   0.024510000000000
   1.067430000000000   0.024130000000000
   1.069610000000000   0.023960000000000
   1.071800000000000   0.024000000000000
   1.073990000000000   0.024210000000000
   1.076170000000000   0.024500000000000
   1.078360000000000   0.024790000000000
   1.080550000000000   0.024960000000000
   1.082740000000000   0.024960000000000
   1.084920000000000   0.024730000000000
   1.087110000000000   0.024280000000000
   1.089300000000000   0.023680000000000
   1.091490000000000   0.023000000000000
   1.093670000000000   0.022360000000000
   1.095860000000000   0.021840000000000
   1.098050000000000   0.021540000000000
   1.100240000000000   0.021470000000000
   1.102420000000000   0.021640000000000
   1.104610000000000   0.021970000000000
   1.106800000000000   0.022390000000000
   1.108980000000000   0.022780000000000
   1.111170000000000   0.023030000000000
   1.113360000000000   0.023050000000000
   1.115550000000000   0.022800000000000
   1.117730000000000   0.022240000000000
   1.119920000000000   0.021410000000000
   1.122110000000000   0.020350000000000
   1.124300000000000   0.019150000000000
   1.126480000000000   0.017880000000000
   1.128670000000000   0.016630000000000
   1.130860000000000   0.015450000000000
   1.133050000000000   0.014410000000000
   1.135230000000000   0.013540000000000
   1.137420000000000   0.012840000000000
   1.139610000000000   0.012320000000000
   1.141800000000000   0.011960000000000
   1.143980000000000   0.011740000000000
   1.146170000000000   0.011630000000000
   1.148360000000000   0.011590000000000
   1.150540000000000   0.011570000000000
   1.152730000000000   0.011520000000000
   1.154920000000000   0.011410000000000
   1.157110000000000   0.011180000000000
   1.159290000000000   0.010800000000000
   1.161480000000000   0.010270000000000
   1.163670000000000   0.009600000000000
   1.165860000000000   0.008800000000000
   1.168040000000000   0.007930000000000
   1.170230000000000   0.007060000000000
   1.172420000000000   0.006230000000000
   1.174610000000000   0.005500000000000
   1.176790000000000   0.004930000000000
   1.178980000000000   0.004530000000000
   1.181170000000000   0.004310000000000
   1.183350000000000   0.004280000000000
   1.185540000000000   0.004410000000000
   1.187730000000000   0.004680000000000
   1.189920000000000   0.005090000000000
   1.192100000000000   0.005610000000000
   1.194290000000000   0.006230000000000
   1.196480000000000   0.006970000000000
   1.198670000000000   0.007800000000000
   1.200850000000000   0.008720000000000
   1.203040000000000   0.009690000000000
   1.205230000000000   0.010660000000000
   1.207420000000000   0.011590000000000
   1.209600000000000   0.012400000000000
   1.211790000000000   0.013050000000000
   1.213980000000000   0.013500000000000
   1.216160000000000   0.013730000000000
   1.218350000000000   0.013740000000000
   1.220540000000000   0.013580000000000
   1.222730000000000   0.013300000000000
   1.224910000000000   0.012980000000000
   1.227100000000000   0.012680000000000
   1.229290000000000   0.012450000000000
   1.231480000000000   0.012320000000000
   1.233660000000000   0.012310000000000
   1.235850000000000   0.012390000000000
   1.238040000000000   0.012540000000000
   1.240230000000000   0.012710000000000
   1.242410000000000   0.012860000000000
   1.244600000000000   0.012980000000000
   1.246790000000000   0.013060000000000
   1.248980000000000   0.013100000000000
   1.251160000000000   0.013130000000000
   1.253350000000000   0.013170000000000
   1.255540000000000   0.013230000000000
   1.257720000000000   0.013320000000000
   1.259910000000000   0.013400000000000
   1.262100000000000   0.013450000000000
   1.264290000000000   0.013410000000000
   1.266470000000000   0.013240000000000
   1.268660000000000   0.012910000000000
   1.270850000000000   0.012400000000000
   1.273040000000000   0.011720000000000
   1.275220000000000   0.010930000000000
   1.277410000000000   0.010060000000000
   1.279600000000000   0.009190000000000
   1.281790000000000   0.008380000000000
   1.283970000000000   0.007650000000000
   1.286160000000000   0.007030000000000
   1.288350000000000   0.006490000000000
   1.290530000000000   0.006000000000000
   1.292720000000000   0.005490000000000
   1.294910000000000   0.004930000000000
   1.297100000000000   0.004290000000000
   1.299280000000000   0.003550000000000
   1.301470000000000   0.002750000000000
   1.303660000000000   0.001950000000000
   1.305850000000000   0.001210000000000
   1.308030000000000   0.000600000000000
   1.310220000000000   0.000190000000000
   1.312000000000000                   0 
