   16.53  1.01    0.024
   16.76  1.01    0.0242
   16.98  1.02    0.0191
   17.22  1.02    0.00346
   17.46  1.01    0.00346
   17.71  1.01    0.00352
   19.08  0.995   0.00417
   20.66  0.987   0.00441
   22.54  0.979   0.00508
   24.80  0.969   0.00587
   27.55  0.957   0.00682
   31.00  0.94    0.00816
   32.63  0.931   0.00871
   34.44  0.921   0.00932
   36.47  0.909   0.0102
   37.57  0.902   0.0107
   38.75  0.894   0.0111
   40.00  0.885   0.0116
   41.33  0.876   0.0125
   42.75  0.865   0.0135
   44.28  0.854   0.0145
   45.92  0.841   0.0155
   47.69  0.826   0.0165
   49.59  0.809   0.0177
   51.66  0.789   0.019
   53.91  0.766   0.0205
   56.36  0.74    0.0222
   59.04  0.707   0.0242
   61.99  0.668   0.0268
   63.58  0.646   0.0284
   65.26  0.62    0.0302
   67.02  0.591   0.0324
   68.88  0.558   0.0348
   70.85  0.52    0.0381
   72.93  0.474   0.0423
   75.14  0.419   0.0487
   77.49  0.351   0.0595
   79.99  0.258   0.0777
   82.66  0.125   0.153
   85.51  0.0616  0.301
   88.56  0.0481  0.416
   91.84  0.0409  0.517
   95.37  0.0376  0.609
   99.19  0.0344  0.7
  103.3   0.0328  0.791
  107.8   0.0331  0.883
  112.7   0.0356  0.978
  118.1   0.0396  1.08
  124.0   0.0442  1.18
  130.5   0.0495  1.29
  137.8   0.0557  1.4
  141.7   0.0592  1.46
  145.9   0.063   1.53
  150.3   0.0671  1.59
  155.0   0.0716  1.66
  160.0   0.0765  1.74
  165.3   0.082   1.81
  171.0   0.088   1.9
  177.1   0.0946  1.98
  183.7   0.102   2.07
  190.7   0.11    2.17
  198.4   0.119   2.28
  206.6   0.13    2.39
  215.6   0.141   2.51
  225.4   0.155   2.64
  236.2   0.172   2.79
  248.0   0.19    2.94
  261.0   0.209   3.11
  275.5   0.233   3.3
  291.7   0.261   3.51
  300.0   0.276   3.61
  310.0   0.294   3.74
  317.9   0.31    3.84
  326.3   0.326   3.95
  335.1   0.344   4.06
  344.4   0.364   4.17
  350.0   0.375   4.24
  354.2   0.385   4.3
  364.7   0.407   4.43
  375.7   0.432   4.56
  387.5   0.46    4.71
  400.0   0.49    4.86
  413.3   0.523   5.02
  427.5   0.558   5.2
  442.8   0.598   5.38
  450.0   0.618   5.47
  459.2   0.644   5.58
  476.9   0.695   5.8
  495.9   0.755   6.03
  500.0   0.769   6.08
  506.1   0.789   6.15
  516.6   0.826   6.28
  527.6   0.867   6.42
  539.1   0.912   6.55
  550.0   0.958   6.69
  551.0   0.963   6.7
  563.6   1.02    6.85
  576.7   1.08    7.0
  590.4   1.15    7.15
  600.0   1.2     7.26
  604.8   1.22    7.31
  619.9   1.3     7.48
  635.8   1.39    7.65
  650.0   1.47    7.79
  652.6   1.49    7.82
  670.2   1.6     8.01
  688.8   1.74    8.21
  700.0   1.83    8.31
  708.5   1.91    8.39
  729.3   2.14    8.57
  750.0   2.4     8.62
  751.4   2.41    8.62
  774.9   2.63    8.6
  799.9   2.8     8.45
  825.0   2.75    8.31
  826.6   2.74    8.31
  850.0   2.61    8.22
  855.1   2.58    8.21
  875.0   2.38    8.18
  885.6   2.24    8.21
  900.0   2.06    8.3
  918.4   1.86    8.44
  925.0   1.77    8.49
  950.0   1.49    8.88
  953.7   1.47    8.95
  991.9   1.37    9.49
 1000.0   1.35    9.58
 1033.0   1.26   10.0
 1078.0   1.21   10.6
 1127.0   1.2    11.2
 1181.0   1.21   11.8
 1200.0   1.21   12.0
 1240.0   1.21   12.5
 1305.0   1.23   13.2
 1378.0   1.26   14.0
 1459.0   1.33   14.9
 1500.0   1.38   15.4
 1550.0   1.44   16.0
 1653.0   1.59   17.1
 1771.0   1.77   18.3
 1907.0   1.99   19.8
 2000.0   2.15   20.7
 2065.0   2.27   21.4
 2254.0   2.62   23.3
 2480.0   3.07   25.6
 2755.0   3.68   28.3
 3000.0   4.24   30.6
 3100.0   4.45   31.5
 3306.0   4.88   33.4
 3542.0   5.44   35.6
 3815.0   6.0    38.1
 4000.0   6.43   39.8
 4133.0   6.76   41.0
 4509.0   7.61   44.3
 4959.0   8.59   48.2
 5000.0   8.67   48.6
 5510.0   9.85   53.2
 6000.0  11.1    57.6
 6199.0  11.7    59.4
 6526.0  12.7    62.2
 6888.0  13.7    65.2
 7000.0  14.0    66.2
 7293.0  14.9    68.8
 7749.0  16.5    72.7
 8000.0  17.5    74.9
 8266.0  18.6    77.0
 8856.0  20.9    81.5
 9000.0  21.5    82.6
 9537.0  23.5    86.5
10000.0  25.3    89.8
10330.0  26.6    92.2
11000.0  29.2    96.6
11270.0  30.2    98.4
12000.0  33.0   103.0
12400.0  34.5   106.0
13000.0  36.6   109.0
13050.0  36.8   110.0
13780.0  39.7   114.0
14000.0  40.5   116.0
14590.0  42.8   119.0
15500.0  46.0   124.0
16000.0  47.7   127.0
16530.0  49.7   129.0
17710.0  53.8   136.0
18000.0  54.7   137.0
19070.0  57.6   143.0
20000.0  60.7   147.0
20660.0  62.9   151.0
22000.0  66.9   157.0
22540.0  68.3   160.0
24000.0  72.2   168.0
24800.0  75.0   172.0
26000.0  79.1   178.0
27550.0  84.7   186.0
28000.0  86.3   189.0
30000.0  94.2   199.0
31000.0  98.6   204.0
32000.0 103.0   208.0
