0.204897 1.422 1.306
0.20662 1.42738 1.31925
0.208372 1.43 1.334
0.210154 1.43113 1.34925
0.211967 1.432 1.364
0.213812 1.43487 1.376
0.215689 1.438 1.388
0.217599 1.43975 1.403
0.219544 1.442 1.418
0.221523 1.44713 1.42962
0.223539 1.452 1.442
0.225591 1.45313 1.4595
0.227682 1.454 1.478
0.229812 1.45762 1.49375
0.231982 1.462 1.51
0.234193 1.466 1.5295
0.236447 1.47 1.55
0.238744 1.47412 1.56963
0.241087 1.478 1.59
0.243476 1.48113 1.61163
0.245913 1.484 1.636
0.248399 1.4865 1.66675
0.250936 1.49 1.698
0.253526 1.49475 1.72463
0.256169 1.504 1.748
0.258868 1.52262 1.76675
0.261625 1.546 1.784
0.264441 1.5715 1.80338
0.267318 1.598 1.822
0.270258 1.62363 1.8375
0.273264 1.648 1.852
0.276338 1.66888 1.86775
0.279481 1.69 1.882
0.282697 1.7165 1.89175
0.285988 1.742 1.9
0.289356 1.76 1.91
0.292804 1.776 1.918
0.296336 1.795 1.92037
0.299954 1.812 1.92
0.303661 1.82262 1.91888
0.307461 1.83 1.916
0.311358 1.83712 1.91138
0.315354 1.84 1.904
0.319454 1.83425 1.89138
0.323663 1.824 1.878
0.327984 1.812 1.86825
0.332421 1.798 1.86
0.336981 1.782 1.85175
0.341667 1.766 1.846
0.346485 1.7525 1.84525
0.351441 1.74 1.848
0.356542 1.72763 1.85238
0.361792 1.716 1.862
0.367199 1.70588 1.883
0.37277 1.696 1.906
0.378513 1.68475 1.9225
0.384436 1.674 1.936
0.390547 1.666 1.94775
0.396855 1.658 1.956
0.403371 1.64725 1.95938
0.410104 1.636 1.958
0.417066 1.628 1.95138
0.424268 1.616 1.94
0.431723 1.59625 1.9245
0.439445 1.562 1.904
0.447448 1.50212 1.87588
0.455748 1.426 1.846
0.464362 1.34587 1.81462
0.473307 1.242 1.796
0.482604 1.08675 1.79737
0.492274 0.916 1.84
0.502339 0.7545 1.9565
0.512824 0.608 2.12
0.523757 0.49175 2.32625
0.535165 0.402 2.54
0.547082 0.3455 2.73062
0.559541 0.306 2.88
0.572582 0.267625 2.94062
0.586244 0.236 2.97
0.600574 0.212375 3.015
0.615623 0.194 3.06
0.631445 0.17775 3.07
0.648102 0.166 3.15
0.665661 0.161 3.44581
0.684199 0.16 3.8
0.703798 0.160875 4.08769
0.724554 0.164 4.357
0.74657 0.1695 4.61019
0.769967 0.176 4.86
0.794878 0.181375 5.12581
0.821454 0.188 5.39
0.849869 0.198125 5.63125
0.880321 0.21 5.88
0.913035 0.222125 6.16812
0.948275 0.236 6.47
0.986345 0.253125 6.75312
1.0276 0.272 7.07
1.07245 0.2905 7.485
1.1214 0.312 7.93
1.17504 0.339375 8.40375
1.23406 0.372 8.77
1.29932 0.410188 8.7575
1.37187 0.454 8.77
1.453 0.503063 9.20313
1.54433 0.559 9.81
1.64792 0.621563 10.4575
1.7664 0.696 11.2
1.90323 0.78525 12.0306
2.06304 0.896 13
2.25215 1.034 14.1444
2.47944 1.205 15.5